7 3.14159265358979 3.17557987844794
4 3.04000000999998 4.04201385414788
5 2.56000000999999 4.54884523928308
3 3.17000000999998 4.90844782984781
27 3.14000000999998 5.18737726899057
12 4.90999999999994 5.41527921498301
1 4.61999999999995 5.60796756476709
41 5.86999999999992 5.77488180554774
13 3.24999999999997 5.92211060011822
15 4.08999999999996 6.0538112446905
62 1.49 6.17294896944591
50 5.44999999999993 6.28171319068294
37 2.2 6.38176657527486
20 3.90999999999996 6.47440154046702
44 5.27999999999993 6.56064262982571
26 2.60999999999999 6.64131578124767
63 1.05 6.71709655851821
25 1.89 6.78854457581815
36 0.75 6.856128602406
24 5.57999999999993 6.92024522039043
17 0.78 6.98123292560222
14 0.56 7.03938294514584
10 3.66999999999997 7.09494764835938
45 5.77999999999992 7.14814716638288
28 0.54 7.1991746595332
66 1.69 7.2482005509748
34 3.82999999999996 7.29537596095336
21 1.54 7.34083551616695
22 4.30999999999995 7.38469966593104
16 3.53999999999997 7.42707660552564
65 1.71 7.46806388405438
11 3.52999999999997 7.5077497569476
46 4.89999999999994 7.54621433028105
23 2.04 7.58353053421815
68 4.39999999999995 7.61976495530971
30 1.3 7.65497855151808
2 1.21 7.68922726925322
19 1.44 7.72256257810593
61 0.920000000000001 7.75503193611
60 1.37 7.78667919609036
56 3.44999999999997 7.81754496182833
42 3.74999999999996 7.84766690130215
54 1.78 7.8770800230649
9 4.23999999999995 7.90581692084577
47 0.940000000000001 7.93390799066084
18 3.38999999999997 7.96138162405931
48 2.30999999999999 7.98826438058552
49 3.59999999999997 8.01458114208281
8 2.1 8.04035525108623
51 1.98 8.06560863523313
52 0.840000000000001 8.09036191935335
53 5.03999999999994 8.11463452667473
43 4.98999999999994 8.1384447703881
55 0.68 8.16180993665329
40 2.77999999999998 8.18474635998853
35 3.98999999999996 8.20726949186688
57 3.34999999999997 8.22939396324113
58 2.73999999999999 8.25113364163097
59 3.48999999999997 8.27250168333009
39 2.81999999999998 8.29351058122557
38 2.36999999999999 8.31417220866458
6 3.71999999999996 8.33449785975431
33 2.84999999999998 8.35449828643736
64 3.41999999999997 8.37418373264753
32 2.70999999999999 8.39356396581749
31 3.31999999999997 8.41264830598098
67 2.87999999999998 8.43144565268665
29 3.62999999999997 8.44996450991808
69 2.89999999999998 8.46821300919452
